16 12
-8 16 -84 -78 -38 -39 68 40 15 73 -69 -80 63 -14 1 67 
50 26 -80 76 2 78 -20 69 -36 54 -71 -94 -35 -8 -30 58 
-92 -13 80 -78 48 0 62 -85 -74 45 87 89 -68 -12 8 34 
66 28 10 -31 6 42 90 22 -4 -81 -20 13 -37 51 -77 -77 
90 -97 98 38 -44 12 5 -18 -42 -8 -77 -58 33 31 28 -1 
-88 90 20 -30 -16 -37 93 80 -66 -27 -55 -2 -76 -31 -27 66 
-76 -29 4 -20 84 61 14 94 -46 37 88 39 -79 -32 -62 -67 
-42 11 3 42 74 -52 -26 -92 22 19 -42 -2 88 32 -35 -87 
-97 21 -55 39 -17 60 -15 -11 -51 -75 -72 -30 -7 -82 -45 3 
-19 11 -55 -45 59 -29 -36 -67 43 22 32 -17 -94 49 -52 62 
-30 -6 -47 5 -94 39 94 -45 64 74 -22 -90 45 33 13 -74 
-56 11 -66 56 82 -2 89 -23 72 21 61 79 -30 61 -7 -7 
-45 46 98 -87 -15 45 -31 -98 19 -1 -88 -84 -68 25 95 -71 
-64 -71 85 71 27 74 -52 -49 -4 61 82 18 23 -25 -89 78 
-78 -90 44 -41 7 65 -39 -74 -36 -27 95 -4 51 90 25 87 
-81 10 58 -2 -63 59 1 -15 20 -16 -97 -57 11 67 74 33 
