40 29
57 -45 8 25 43 -26 76 95 -98 -99 -66 13 -20 85 71 50 -56 -11 -93 22 7 18 31 41 -49 29 24 -45 96 54 84 53 61 -56 -22 -44 19 -93 -49 21 
60 -15 86 -60 -77 57 90 -33 99 49 89 -42 -80 -28 99 -77 53 -25 -21 49 81 -85 3 42 -40 33 98 79 -8 -98 -48 -48 -61 -62 -56 -38 47 87 -18 -2 
36 -77 56 56 -4 7 32 -51 34 -89 99 15 78 -46 -43 90 39 -92 21 -68 -90 73 -16 -51 63 29 -36 -37 16 46 13 -96 69 -30 13 -35 29 -55 -33 -36 
-92 -82 79 38 -28 89 29 -89 97 -50 -57 59 76 -20 -92 39 61 -28 54 -71 70 -32 -67 40 -10 -2 57 -81 43 76 -65 3 94 -85 -58 -82 56 71 -70 5 
-79 -75 -36 49 -43 -76 -11 -82 -3 95 -53 -81 -37 -67 11 53 31 -79 25 -73 97 60 30 92 27 72 62 -17 -5 44 88 -31 70 -48 -82 79 -71 -41 98 26 
-45 97 -3 18 82 -91 -76 -34 -70 49 -7 -73 -39 -77 71 89 48 -14 -28 -57 -70 -87 -36 52 -83 -17 32 -54 42 30 24 49 -21 -78 -80 -38 83 -56 28 -87 
45 73 92 -94 48 16 47 -4 -98 72 -8 -68 85 56 85 54 91 17 53 34 99 -23 -65 -22 -49 -45 -8 -66 -49 72 99 96 45 44 55 -6 -40 -46 90 -86 
-74 -66 98 63 43 35 -30 34 -96 -77 -80 55 -48 -44 86 -44 11 -22 -58 15 -49 -58 -37 96 38 70 -58 50 -75 -67 64 -97 -81 14 67 62 -98 89 -51 -94 
-88 -31 62 -84 25 48 -28 89 78 15 -44 81 9 19 30 -53 -10 72 49 15 57 -35 -30 77 79 -63 -9 81 -74 40 40 90 -90 2 -93 -13 -98 -69 -72 32 
46 -16 14 -93 -96 -56 -94 -54 -84 55 13 74 -80 83 51 -100 73 94 33 51 35 -27 42 45 27 1 84 29 32 -87 -38 -69 -51 28 -62 -95 72 -55 -49 88 
-100 16 14 -79 0 -35 73 -27 -88 6 -76 47 80 18 -8 -41 -81 -72 89 4 93 -97 35 -57 31 73 -100 3 70 -48 -57 71 68 58 44 -80 75 17 -55 87 
-77 -30 34 55 40 78 -85 12 59 56 -84 52 11 51 47 -58 -24 48 -3 -53 -100 -8 70 20 -98 14 -7 78 -69 38 17 -94 60 -96 62 1 34 29 -87 -7 
-15 -71 -54 96 32 93 90 60 41 -61 59 -7 31 -19 66 34 95 -41 -36 78 49 81 37 10 37 -49 -89 -28 80 -76 65 -83 -95 63 -87 -11 9 55 -99 -98 
94 61 -52 -23 94 66 63 42 -75 -73 20 74 61 -43 -16 -2 -40 -53 22 -60 -77 -12 -43 -72 -97 -78 -31 -36 77 -77 -33 23 36 -33 -99 30 -67 64 -28 -42 
44 93 84 5 -98 -79 55 -85 -32 -22 -45 -8 18 -35 -28 -27 -13 -6 38 -83 17 -95 40 -47 -28 -7 83 -43 -90 -44 15 54 -99 -49 -89 55 -76 66 70 -55 
96 78 -11 14 -57 13 88 -18 -93 26 -1 -24 -17 92 29 7 -63 -35 64 -53 -27 -69 53 -74 -66 16 33 -41 -17 -44 4 -21 -66 93 46 -71 6 -14 11 -34 
-88 63 42 -53 7 -76 6 44 -11 -78 44 62 -47 -51 40 -61 66 -27 -2 -51 29 54 -20 63 -1 78 92 58 -36 -44 -76 -72 -81 18 -25 26 42 33 -78 -69 
55 66 45 60 -84 -15 -100 82 11 -50 83 -60 -95 -85 56 -44 94 0 -86 -42 56 90 -13 27 9 14 -47 -49 -100 -24 -65 55 94 32 16 -90 70 -32 44 -19 
18 27 21 23 43 -71 32 -11 30 46 -1 -62 37 86 66 98 -47 71 -99 -47 -53 -64 60 94 21 -72 56 -9 -4 1 24 -85 80 97 -10 -25 -73 -78 64 57 
21 -36 95 -90 -98 13 -92 -93 -15 -91 -88 -16 98 25 -22 19 53 -65 62 -98 -12 -14 -83 -80 -17 -41 -4 -38 -66 -88 -81 55 -72 67 65 83 -68 25 42 17 
34 7 -98 -16 -68 -68 55 85 -81 17 87 -41 55 56 -20 91 68 28 -47 -98 -8 -75 9 21 44 -74 -44 76 51 50 -54 -63 -43 -100 22 -11 -68 -23 -25 -96 
47 -86 -37 -46 23 -5 97 -9 -77 -97 -55 16 80 6 89 24 -16 97 -48 87 47 -50 -76 -95 -50 -2 -6 -65 28 21 -61 -73 -12 -46 -19 -89 50 -69 -46 73 
-66 -49 -59 -86 9 -70 -10 93 -73 -6 80 27 45 56 32 95 -45 78 82 35 0 -79 62 40 -24 95 51 78 -74 57 51 -88 60 93 78 -31 75 -80 -86 55 
15 46 -18 -88 2 66 59 9 44 42 -56 96 15 -94 36 91 54 -61 21 80 48 -27 45 8 -82 23 29 45 -4 43 0 -89 -59 34 75 44 0 34 -95 97 
-24 -50 93 92 -92 30 35 14 69 -43 -53 -30 -18 92 78 -48 -33 8 97 63 -97 -50 26 -55 84 1 41 -63 88 -2 -66 -84 48 79 -92 9 9 -4 -77 -69 
5 -30 1 87 -86 -69 -61 -66 -9 -64 49 -5 -62 -24 -8 -77 29 85 -88 -31 -17 98 -14 84 77 -54 -55 -13 42 -80 -30 -53 -57 23 86 -91 54 -75 -57 -54 
-86 93 -7 -48 -79 37 -73 50 -26 91 72 9 89 -42 -7 67 4 -10 -94 99 11 -24 -54 6 51 85 15 5 -90 59 3 76 4 48 81 25 -63 60 -73 11 
52 99 -79 41 -43 -34 8 62 57 -34 61 -80 -6 59 -22 -55 44 45 3 7 -44 -94 -65 60 7 68 -15 44 29 13 -44 -67 -36 -71 74 22 -53 -65 -64 56 
-47 49 28 48 8 -94 93 -95 52 -4 -36 -92 -45 -1 21 62 -80 -94 -42 49 -29 -34 34 36 -5 -40 -90 43 -53 -54 -1 1 95 -72 -51 -45 86 -58 -88 -10 
-9 -24 -1 46 28 -80 -40 48 78 18 -51 -98 37 83 38 -68 -57 48 27 -9 46 79 92 -7 59 93 0 45 87 13 88 -22 41 -13 76 -79 -41 88 21 89 
-41 70 91 96 5 -19 80 1 81 -40 44 27 -61 36 72 50 -19 -27 -5 -32 38 -65 47 -21 22 -25 -47 33 -36 74 -25 -25 -3 -34 -29 -98 0 -97 3 -19 
-37 -53 61 2 35 33 -48 -84 -94 0 -63 44 35 36 76 -90 -89 -71 -5 -73 55 70 2 -48 89 25 -45 -11 29 10 70 92 10 31 -53 -55 -83 -49 -86 -77 
3 -97 20 -61 39 -52 -99 2 -23 -4 -18 84 -81 36 -63 -92 -38 -8 -51 43 54 -81 -13 -36 3 -14 -38 20 38 -72 -5 -59 -69 -85 -68 70 -85 -67 -76 -56 
-18 6 -71 1 -57 -34 -39 -43 10 10 52 -36 -19 -61 29 84 26 43 -44 -36 71 4 -43 -98 19 -10 24 -13 23 0 31 57 -93 60 -42 -98 -74 -29 -41 36 
81 -89 53 -85 -98 -66 51 28 77 -92 44 48 12 -98 2 83 -56 78 -30 67 -22 -98 -23 -63 14 35 91 41 59 -50 -71 -8 -87 82 7 68 68 -41 -52 45 
-81 45 -55 31 -1 -1 -34 43 -23 -11 -38 8 -57 39 -3 57 -73 -11 -50 86 39 -20 -22 5 -86 38 -75 35 97 -27 -20 -84 -82 -22 -1 -31 77 65 -88 -93 
-94 -25 15 -51 66 -88 59 93 1 -91 31 93 -59 62 -50 -92 0 -73 43 -51 0 75 -83 -29 -47 16 40 83 -67 5 90 -60 32 -43 -59 -2 -31 -100 -56 23 
62 27 -32 -97 -11 -30 63 41 -3 6 42 49 -66 59 -80 -13 -73 13 -30 -39 -82 -88 -47 2 -31 -54 -100 -9 99 96 66 61 24 -66 64 -87 -44 28 7 53 
86 -51 2 -80 61 -25 -40 88 40 -18 -99 10 -5 -46 -88 16 -47 64 -93 -48 61 25 -87 -15 11 29 -50 67 -91 57 20 96 59 75 68 -28 -98 -72 -40 42 
11 -38 -96 58 -32 -84 -74 21 80 -66 73 -7 11 86 78 -77 16 -71 90 25 38 -37 -27 -51 90 -58 21 44 -78 34 -14 -15 48 -58 -57 -84 -90 -78 -10 42 
