50 86
71 -13 24 72 69 -3 91 67 78 -64 78 90 13 12 4 -56 -44 98 -38 -15 -66 -36 38 -99 -80 -46 -95 -33 -93 23 5 78 62 81 2 -17 -70 -7 -50 -91 -19 -71 51 94 41 -44 -62 97 -94 -47 
-65 92 -31 73 94 -59 79 99 8 86 -26 66 16 88 -1 -82 -29 30 -37 -26 -9 45 3 -58 -9 96 -50 30 46 -92 35 81 -99 -96 6 47 -54 -15 -2 6 -76 25 -28 40 13 24 11 37 -46 74 
63 -3 -29 -82 39 63 -86 42 -55 12 2 80 -55 -45 84 51 -98 -70 89 -47 -11 65 78 13 -43 -57 -63 68 32 -9 -5 -53 88 18 -35 -20 -67 -68 74 -22 44 -24 -90 42 32 47 -55 -14 29 86 
39 -82 51 -31 32 -91 -35 69 29 49 -87 76 97 53 -5 -38 -67 28 -6 -93 59 91 -64 21 33 68 -32 30 -46 98 17 46 68 -32 -85 0 -71 -68 -78 59 82 -65 35 79 88 82 -59 74 11 -12 
33 -78 -69 69 43 64 37 64 -54 44 14 63 -58 -18 84 -43 35 -87 -10 9 72 -76 44 -40 -97 -16 -58 96 -42 5 -64 44 27 -33 13 -77 83 -97 87 -70 -1 1 93 41 35 77 50 -30 43 92 
79 15 -84 -25 75 71 60 70 68 70 -25 -96 -34 -97 -28 80 -74 -45 35 65 -63 -66 -34 -69 27 -99 60 -23 -76 3 -30 55 71 -62 -69 -2 -90 43 -32 30 -35 44 34 32 -1 58 -36 25 66 99 
-58 -97 85 8 86 12 -39 -1 41 -15 54 -89 -59 25 -98 -76 76 -88 67 -56 42 -68 40 -72 16 -61 39 80 16 5 79 58 -40 16 -82 99 -72 -68 -2 70 17 -96 33 10 -18 35 -14 -42 47 -95 
-46 -59 90 95 -78 6 86 61 -13 3 -82 -82 -87 -22 35 -68 -71 15 -36 -21 -63 33 -16 71 96 66 -42 -66 76 58 -60 -70 99 -70 -75 -79 36 64 82 75 -33 -100 46 -68 -69 -19 -36 -40 48 -20 
40 86 66 76 57 14 42 -85 48 18 73 88 0 25 -82 26 -2 7 -10 -67 -18 9 85 -72 41 -84 -39 58 -71 -90 90 21 96 56 -3 5 -30 91 -28 71 9 98 59 -91 23 78 -13 73 -63 29 
-94 19 90 92 0 -16 60 61 -58 89 23 84 -38 19 41 59 76 63 50 -51 -14 -89 99 -54 73 -26 76 -40 -53 -87 42 -46 -16 32 -54 84 68 58 -2 -90 48 -79 47 62 -7 -60 22 -31 55 -76 
-30 -58 -64 -31 -12 -91 43 -36 -79 43 -71 15 97 13 -100 95 -50 68 53 48 31 -47 69 -22 -84 -38 18 -10 -16 -27 14 6 15 2 76 55 -37 -29 71 -63 -86 -100 52 63 -34 4 10 16 -75 -36 
-36 56 -31 85 86 -63 -100 -44 27 -16 29 94 90 97 -52 18 4 12 42 -24 49 8 -72 -47 -28 -6 10 82 62 35 98 78 -9 -32 16 -71 -43 16 -15 37 52 66 31 -6 63 79 65 -80 -57 7 
-4 44 -85 24 50 -61 71 -40 -78 -15 95 -80 -36 -62 -60 80 -33 -2 -52 52 -65 -100 18 18 -54 -66 -51 -89 -46 -7 -30 2 89 -14 78 39 25 49 99 -1 87 46 20 -49 36 12 83 -97 62 83 
7 97 35 78 -33 81 -88 17 45 -82 62 -85 20 51 -47 -2 -9 31 -100 -58 82 87 89 -46 90 25 67 25 -19 29 8 88 -21 -57 66 46 76 30 -37 -27 48 -75 -59 -80 77 -6 19 -80 77 -29 
-38 60 -42 -97 -86 -52 29 33 25 62 -37 -67 50 -6 -72 -31 -60 56 51 -44 -70 -48 -19 -29 -28 -90 17 43 -70 -53 -86 -55 -93 -76 -52 73 -76 29 -41 49 -9 22 34 94 -84 62 -37 -92 -29 66 
-36 1 -82 -2 24 -57 8 -59 38 -9 -12 5 36 -53 29 36 73 54 -34 -68 -45 57 54 90 51 22 4 66 30 75 33 47 -24 3 -55 -100 -2 53 94 -63 96 -66 42 -16 -18 -77 -79 -45 77 -13 
-13 85 96 93 75 48 -33 -21 -34 49 -93 51 -4 -17 -45 41 -64 5 -53 82 42 95 -84 -64 -20 -2 -40 1 5 89 40 92 74 36 37 49 -64 -96 81 3 6 88 -46 -98 -77 -39 -4 -89 67 -5 
93 -39 -10 62 -2 70 -40 10 -77 18 -1 63 -38 -74 0 -100 27 36 56 8 91 -38 -52 -54 -83 -76 7 -35 -65 -74 12 81 -12 -98 43 38 25 55 -52 48 -27 -1 -36 36 -23 16 -12 -95 -96 -56 
-35 96 -41 -34 94 -72 -10 -47 -55 -23 -20 57 -42 20 59 53 -42 -64 9 -42 37 82 9 -99 18 87 17 -94 44 21 -97 -91 -31 -86 -73 -37 -58 17 17 -13 95 97 96 -95 -31 7 59 27 44 -32 
37 -19 -98 -54 -18 -27 85 51 -21 29 -76 -66 -9 -6 -52 18 9 -58 -64 -74 -19 83 75 -23 40 -56 85 -1 23 -19 19 -40 62 22 -41 96 95 -56 -1 -74 74 23 -39 -83 69 -39 35 -21 4 23 
-43 37 -42 85 -85 99 81 52 -2 5 -67 70 17 47 -8 76 43 -61 73 -58 -35 -1 17 -22 16 -13 -8 -49 18 48 27 27 -15 85 12 0 84 -6 -48 -65 51 -63 -95 -80 84 -51 97 -21 -12 22 
-27 5 -79 91 36 37 -70 80 40 0 28 -33 -73 -87 -95 40 -34 41 86 -30 76 -11 8 33 9 -56 82 6 24 -78 80 97 -20 -99 40 68 38 70 48 -69 -78 -72 -50 -50 -59 -45 42 -41 97 28 
30 25 69 90 -41 -22 -66 93 37 58 -84 17 8 -52 19 -52 -84 -91 71 16 -60 93 44 -57 95 37 -2 37 97 -53 -83 27 73 86 17 84 -83 3 77 54 -86 45 -77 22 45 42 22 61 4 -7 
-71 -4 -61 73 39 86 11 90 -24 8 89 -7 87 14 -68 -44 -2 -99 59 -24 55 73 73 30 -53 19 -75 70 -68 29 -85 -38 -75 -94 87 17 93 -2 7 -31 58 -52 14 -3 63 -2 53 -39 -1 -35 
-11 -94 90 -37 37 -62 34 62 60 66 -9 27 80 -32 34 68 37 -21 -34 -56 0 77 -55 -86 -26 -92 -35 -72 -31 64 -55 11 23 -65 26 -40 -75 -40 74 37 78 -83 -35 59 -15 51 27 75 -70 45 
-81 30 22 -84 -4 97 -76 61 77 -6 -22 -78 57 -99 -91 -17 -87 -65 43 87 72 21 -96 89 -20 -59 40 59 -84 70 5 88 -48 -73 -96 49 -76 -71 -38 53 -25 -8 75 84 -7 85 -33 6 72 -90 
-55 -4 -17 -51 -14 16 -57 -74 -25 -41 97 80 99 -99 -92 56 2 84 37 65 38 -88 -43 -35 48 3 -50 -85 61 74 77 -93 -29 -40 -44 9 76 -49 35 -48 -37 -16 84 -38 -14 92 -82 88 29 7 
5 -33 19 15 32 -81 -82 35 -66 79 -39 -89 86 32 -28 95 93 -100 -54 29 -96 9 -87 89 24 -49 33 -6 92 -38 -98 -3 29 -27 64 -86 -7 34 49 27 14 62 -9 -48 -5 63 99 -60 15 98 
69 20 -41 35 9 83 86 -58 -70 30 5 -68 -72 86 -43 44 -100 2 -21 1 -70 45 -36 21 97 11 -64 49 51 51 47 -27 -29 -94 -92 32 42 46 27 72 -23 84 56 -43 70 65 -99 23 -32 -20 
76 -50 -75 -60 71 75 3 59 24 -45 -38 -77 -20 -14 -71 -12 -82 23 -66 -3 -53 -37 -19 55 20 -96 21 -26 27 89 54 3 -61 32 -4 62 7 99 -27 83 -94 35 -94 -14 -79 87 26 92 11 13 
-11 58 76 71 -34 -3 75 87 71 -46 28 -23 57 19 61 -95 -67 -32 57 6 -97 63 93 -91 -98 67 49 28 59 -88 -59 -52 22 70 71 88 -81 -2 75 90 52 -45 -81 -38 74 81 -33 -93 -99 -76 
-35 57 40 -89 18 -6 78 -33 -78 37 -21 -84 37 -98 86 9 90 -95 59 18 47 12 73 18 26 0 -49 45 -41 -47 70 25 -90 -38 36 28 56 14 48 30 -97 -73 -2 40 81 -16 -99 24 -59 61 
-58 40 -75 -85 -41 51 15 10 -4 27 15 -82 -48 -23 -20 40 58 88 -94 -42 -29 -91 -15 69 1 -81 -94 3 43 99 -84 85 40 -59 52 51 92 -80 -87 -12 47 -19 7 51 58 39 -57 -32 -20 -51 
26 51 -90 64 20 -37 83 26 66 -22 26 34 -85 -82 75 67 69 19 39 34 -92 -14 -85 -33 89 26 58 -68 46 -62 -19 -27 89 -57 89 10 7 24 88 -75 -98 -34 60 -83 -16 -13 36 -95 -93 -24 
-8 -85 14 7 -66 4 85 92 36 32 -69 70 57 -80 -87 46 -18 -28 -30 -29 -2 -76 37 -90 -59 74 -3 77 79 4 -47 -29 -29 68 31 -43 -76 16 -50 60 -100 -19 -18 57 -47 -4 -45 36 20 25 
59 -82 49 -4 80 42 -78 -22 20 -98 34 25 -75 58 -55 8 -85 -31 77 -35 82 29 -2 -36 -13 4 12 42 -60 -67 -80 51 -97 69 -53 84 -36 -30 -86 84 -76 0 -39 -99 -42 -41 -38 -26 28 -61 
-9 -38 68 90 27 -93 -6 -61 2 -14 -76 22 -63 80 -57 -64 64 7 -42 30 -57 -66 -70 -43 -64 -11 16 -50 15 96 -59 -94 -41 61 48 86 69 94 77 -29 -20 54 45 -31 34 88 -42 -50 -52 16 
80 -57 3 62 0 -9 -97 -84 41 18 -87 82 25 -28 43 -27 -90 -36 -32 39 35 0 -7 -68 22 -73 73 80 -71 -79 -52 -91 -36 51 72 65 -58 75 33 35 -54 46 17 71 70 -87 96 80 -23 -84 
20 65 -31 65 97 91 45 70 23 74 43 23 84 60 -73 8 25 -31 -65 -90 -95 -19 57 -26 -96 -21 -13 53 -40 17 69 32 -18 -62 -3 -21 81 -58 -98 4 69 -3 80 5 -43 -93 -87 34 -72 -100 
45 -67 -66 -46 -40 90 33 -1 43 93 -84 13 -23 -2 3 27 30 -15 21 -16 41 -10 81 -27 95 -61 -20 60 73 9 61 18 -6 47 24 54 37 -42 -46 -19 -97 -78 46 -19 21 -51 -92 -97 -14 29 
-13 80 72 -32 -47 67 -41 34 28 -67 -57 -59 3 -11 88 -72 -56 25 -62 -50 -94 -59 -28 4 22 45 54 -18 48 92 64 -65 72 36 -44 -74 3 15 12 83 0 7 -76 56 96 -88 36 -60 -10 74 
-58 -52 -85 -33 53 -10 64 -41 72 13 -49 36 0 -76 -28 8 -98 28 76 -34 11 -24 73 -12 84 69 0 -28 62 42 -54 56 91 -86 -77 44 -44 88 -97 -72 -47 -94 17 5 -70 41 -86 84 -31 90 
-50 33 -82 75 -79 -97 45 -27 -25 -41 -84 -26 -85 -93 -60 91 3 -4 31 -42 -24 84 -36 93 -11 -53 -13 3 -69 56 -55 -66 -59 -36 -91 -38 -33 6 -12 -6 65 4 68 81 -37 -92 24 18 4 -45 
76 81 -61 92 26 -20 -61 -87 36 -77 22 81 -43 63 -55 -82 78 -36 25 -34 59 -10 22 -21 -77 85 -60 47 -45 -4 54 -69 -23 45 75 56 -74 -85 69 14 -62 -57 -5 -53 -93 -7 -35 37 9 90 
-97 -32 -67 -23 0 -44 -86 40 56 -31 -64 10 -48 -34 -44 -73 74 -66 -58 43 48 -68 87 95 -21 46 -12 45 -17 98 -13 -62 -82 -28 15 18 -19 29 -90 -63 50 99 -1 -98 -35 7 -71 -61 41 -28 
34 -11 4 -27 -15 36 71 25 -67 -94 23 20 96 -6 45 -37 64 -74 44 75 -37 -6 26 14 -4 91 -78 26 82 15 50 -32 57 -94 -6 94 -6 -83 19 27 -76 95 -100 -80 -11 45 -64 -95 71 80 
80 86 -25 6 0 23 -51 22 -99 83 -62 3 -96 95 10 -2 89 -96 15 -40 -16 -9 -45 -16 -36 -4 81 0 2 52 -20 -66 38 7 -7 90 -69 -6 13 84 -22 3 -12 -66 -50 98 32 91 54 99 
-49 -62 -57 -41 -26 7 7 -45 -93 61 59 -61 96 -51 47 -11 -60 30 35 53 14 -87 -92 -98 99 -90 52 -17 -99 -41 -17 -96 -51 26 -85 -24 85 23 31 44 -64 -57 83 -68 -8 -18 -27 32 -88 -91 
-63 -21 74 -55 -67 74 -93 38 -43 60 97 -8 17 98 70 32 -26 55 -93 58 -49 -56 -99 -65 -72 -7 17 2 -74 -18 -37 -37 13 89 -39 46 15 -80 -64 73 81 -67 -83 -2 84 88 -70 -42 -5 90 
-84 47 86 -83 34 -86 -37 -97 -32 -11 -15 -17 4 50 -27 17 -51 88 38 -15 13 19 -29 31 69 -45 -29 51 -35 18 41 -18 -83 27 -49 51 -6 14 7 62 55 44 -54 -40 -5 -29 29 44 -41 -33 
