64 67
-72 87 93 0 16 91 75 -58 -67 2 -23 -73 -16 57 -56 29 88 -36 41 -88 -43 5 2 72 -25 14 -91 92 77 27 -89 57 -33 56 -43 35 47 -67 77 81 -13 -94 60 23 64 56 -48 4 -80 46 -31 -23 -49 71 -99 -21 -15 62 -29 -86 -10 -66 72 9 
90 -71 96 -10 -86 26 -77 -47 32 35 29 -52 -8 33 5 -36 -21 74 -6 -17 -3 -5 14 82 -42 37 48 0 71 -28 61 13 -46 57 55 -32 -17 78 -26 68 -34 -97 -84 10 36 -27 74 68 -53 -32 -97 44 64 17 -22 -78 -46 -73 -26 77 -49 -65 -10 5 
92 98 26 -72 76 -100 96 94 55 64 4 -57 -62 -21 63 -15 -1 66 82 -37 -65 -40 -63 -59 -61 11 -82 -9 46 -39 48 -9 -41 -26 19 87 -26 15 82 81 -21 -62 -75 17 -31 88 55 69 7 37 -68 42 49 -78 36 41 33 6 84 -68 67 32 -25 78 
-93 94 18 -67 -39 -48 -85 -8 -10 92 62 60 80 17 29 -61 -94 13 34 7 35 -30 -100 -79 76 84 -95 -4 -31 -20 -74 -24 -74 44 -39 -13 96 -24 31 -61 -32 -7 51 -99 62 -20 92 20 45 26 80 -67 96 80 -94 25 65 -89 -79 86 -57 -53 -86 -31 
44 -25 8 -8 4 -61 31 24 33 -18 25 -53 14 18 68 -40 96 48 -55 93 28 -49 18 -55 -38 -9 -69 5 -10 -55 26 -66 -27 -66 27 77 -27 -90 1 58 -7 79 -94 59 -51 74 71 -55 22 -84 90 -98 -33 8 -100 -19 51 83 38 -58 81 -36 -72 -46 
-2 55 -69 72 18 -16 -18 -89 -37 -12 22 -36 -38 -6 10 36 10 0 -9 30 61 -9 -89 -36 -26 50 6 -45 -86 -13 9 -35 94 -8 89 12 77 -29 -25 92 60 98 -43 74 -8 19 11 54 71 54 -16 -16 -55 -52 49 -29 50 -93 27 16 -6 88 81 -11 
-67 70 -99 62 94 -23 54 6 -73 63 -20 -29 -66 43 -75 -94 -3 -38 -10 42 -38 -61 -86 -88 -53 -7 28 41 -67 10 82 -34 -68 84 -72 78 -87 35 -16 92 -50 65 -37 -15 8 -60 -9 -94 2 81 0 16 73 -34 28 -80 11 -43 13 45 19 -4 63 3 
-68 44 -18 97 -21 66 89 29 31 -96 66 92 -56 -43 50 -1 91 -50 -85 64 -31 44 36 32 53 -51 -23 -28 -3 93 75 -19 37 -43 -70 68 76 71 -51 -41 75 -84 -49 -80 -75 -99 -29 -84 -96 -14 80 -75 82 -32 57 -13 18 87 59 67 80 -13 -99 -31 
-4 -69 -63 -28 -97 -62 32 78 -46 35 50 -20 -11 -79 -52 -7 -40 -71 -30 94 -51 -73 -18 67 -86 93 -13 46 -20 -60 -85 29 -29 -48 53 -26 -9 -63 -95 -3 73 7 29 -38 -19 78 7 -7 59 77 -13 -92 56 21 28 71 15 -85 17 47 -45 -15 -72 -22 
-11 82 5 32 -81 -38 -70 92 69 59 -94 -50 37 13 43 -4 -58 83 -43 99 4 85 22 -81 -100 91 19 -93 -24 47 -63 18 29 42 -50 1 -96 -20 -55 74 92 -48 76 -19 17 20 78 12 -45 -65 -37 59 72 85 31 24 28 -50 31 57 49 68 -25 -69 
-37 25 32 -33 58 77 93 50 81 22 -69 -1 94 61 63 -51 48 -74 -92 20 63 -9 -56 -9 -7 27 -100 -57 -52 -25 -74 -37 53 58 30 11 -13 -24 -87 -31 98 -56 20 92 58 -65 -59 -42 -39 -99 79 -76 -7 75 -33 86 -45 -32 81 -45 -5 -93 18 -52 
17 -100 11 57 -24 24 78 -74 21 -2 -82 -69 -15 -89 -11 46 65 -80 22 -90 48 89 48 -97 -91 -18 -42 5 -11 76 5 59 76 -83 16 -95 -7 -6 -69 66 44 -98 97 -71 65 -13 27 30 7 -51 -8 -45 90 -59 -90 -100 23 -32 -43 64 96 62 -25 25 
31 91 30 77 -63 13 43 33 15 41 14 -67 -72 -59 15 -13 -58 -92 -5 -67 -99 -43 85 24 -22 94 -60 -26 56 16 51 -60 -41 -19 -83 -3 47 60 -70 -86 1 -3 -53 -19 38 63 21 81 23 68 66 24 -75 51 -100 3 45 -60 30 -47 56 -19 -55 -84 
63 -38 -35 10 75 -53 24 -72 44 24 -38 -17 -61 83 -84 62 51 82 -14 76 -15 -62 -68 82 -22 62 87 87 -57 -67 55 58 -53 -80 -80 74 -33 -3 55 -88 -79 -83 -53 -40 52 -37 -78 -45 97 -40 83 -66 -2 -85 68 28 77 55 15 -79 40 -30 31 40 
-58 52 -34 10 -51 -79 -26 -30 -62 -27 -18 42 36 -44 97 -15 16 81 -29 66 96 91 -54 26 46 14 47 -61 36 -22 31 79 82 97 -59 -69 71 15 -47 61 88 35 4 -24 91 1 13 -41 -18 36 -75 -69 27 -76 57 -75 38 -44 -84 -26 -14 47 -95 -31 
-3 -54 0 -32 13 54 81 1 -59 -15 29 -67 87 94 -8 -79 30 -30 -48 -43 -6 61 -17 -68 -83 -1 -42 4 99 -36 73 -52 10 -75 16 -76 31 -51 -23 73 35 -93 -94 -26 53 -2 -53 -16 68 -48 -7 -38 -87 76 -54 -69 -72 5 35 79 21 -40 -73 -69 
-15 -5 -93 -83 44 -15 90 -21 -56 48 5 97 -54 53 -67 67 -95 27 81 -82 -45 -72 -99 -65 -15 -12 -86 -94 48 93 89 86 -12 49 55 85 86 -3 -84 -70 -55 22 79 -57 -25 65 -90 -68 -8 44 -98 47 24 56 35 -91 -56 1 67 45 -5 8 31 35 
-43 -62 20 -57 35 37 -75 80 -41 57 75 -14 22 38 -30 -86 -18 -28 13 -94 -72 -100 67 -75 2 -14 70 97 46 -47 32 -96 -9 -47 99 -74 42 77 58 -99 34 -15 -61 -44 -77 9 -78 5 33 -13 -37 14 -12 82 39 90 -32 -39 39 -85 14 -77 71 57 
-72 22 35 70 -1 -55 23 85 30 62 93 54 -29 -85 -89 57 -45 -73 -29 -5 -91 62 -63 -70 -77 76 97 -11 99 68 98 80 -58 33 50 42 78 -26 27 -40 -64 -27 66 -40 -12 30 69 -5 57 92 90 18 54 -73 48 29 55 45 70 55 -35 68 -13 8 
1 -63 -98 -69 -37 -19 -9 -48 54 -42 -36 95 88 -67 -10 45 -75 -19 -37 31 -40 64 -40 -84 -39 -70 23 27 98 -90 87 -49 -53 89 -18 11 -30 73 15 -75 -69 79 72 -81 -88 -38 16 89 -5 32 20 56 -52 32 72 9 62 -5 88 12 -43 75 15 4 
64 97 67 87 22 -66 64 6 -87 36 25 -75 98 94 66 -54 -22 -14 -98 26 -82 26 87 32 73 76 96 -70 3 11 -14 -32 -40 -94 -93 83 -60 71 -11 -46 7 66 -69 -43 12 98 3 90 -16 -43 -32 -45 83 -44 39 8 84 36 38 -13 99 -75 7 -40 
83 14 -57 -77 -63 -16 -23 -4 -50 -39 54 15 -41 -91 5 -5 -81 26 2 54 34 -58 -37 18 78 -99 57 77 78 -35 -63 61 31 -68 85 69 16 -86 -35 19 -25 71 86 -14 33 -9 82 4 69 -64 -42 3 -22 21 73 -44 -25 -17 86 -95 0 75 19 -69 
-92 -44 52 -24 -30 70 47 -2 -7 33 36 78 77 -30 -18 -2 7 -7 -98 85 66 27 94 -59 62 80 99 -38 7 18 -54 -33 74 50 -4 96 20 95 -6 66 29 83 -4 -42 -47 79 56 60 -28 10 -2 -62 90 -8 -68 52 -76 -69 67 31 1 -87 51 -25 
63 -53 -29 -64 -58 18 54 23 1 -50 81 54 -71 -10 -33 -47 52 65 -56 -6 -91 -72 99 -67 -89 66 16 12 31 -33 87 -6 14 -42 -18 9 76 -64 -68 -23 -61 66 84 -80 -44 -49 -74 60 68 -30 -45 77 -2 -46 62 -39 72 -22 73 3 -2 60 97 -88 
-82 -68 21 47 -80 6 76 -41 -28 60 -68 -20 63 -42 -60 31 -20 -53 -40 30 -47 -78 91 -75 1 64 28 99 24 -22 63 -6 -38 -63 -59 -18 43 70 -6 -85 -18 26 -53 98 36 -13 29 -84 -13 42 46 40 64 37 66 -35 1 -54 -84 -75 24 32 -29 86 
21 -35 -79 -36 -65 -33 -69 -31 93 -22 -33 -19 17 49 -3 -96 -9 -57 45 -45 80 -37 -27 -67 9 -59 -90 86 73 -19 24 -6 46 45 10 81 -88 -7 -49 57 71 -30 -62 -59 -81 35 -55 10 30 42 18 -38 57 91 -5 -33 84 5 -95 10 87 29 -96 -15 
-25 -33 -33 -61 60 -30 97 -16 -8 -65 25 12 23 22 74 -95 -35 -8 -32 -78 -65 63 -59 -80 -79 -54 30 60 76 -14 -55 -97 5 -36 -58 -34 -14 -61 2 79 -73 -73 -9 50 49 -35 55 66 10 75 41 45 -9 82 17 12 -71 99 -76 57 -62 -31 60 43 
34 -98 61 72 -58 -37 51 -79 -58 -58 23 44 -40 -70 -38 22 -94 -97 -81 -3 86 37 61 67 -12 85 24 26 -94 -64 -78 -8 -62 35 -35 -68 99 -84 -47 93 -89 76 -11 -77 -93 52 45 65 55 64 -38 -7 -47 75 -40 -6 60 36 -80 66 24 94 -41 63 
30 -24 47 -19 -8 53 -26 3 -19 64 26 -60 -32 -77 -95 -77 88 -81 17 93 94 29 -13 6 -82 -40 -75 42 -46 -64 -43 84 12 -95 -83 -96 58 -8 -40 91 -92 38 -68 -24 62 -63 -49 2 -43 20 -5 -97 -98 35 10 -80 95 -13 62 -51 23 -80 86 -65 
-75 -97 91 35 -53 -97 26 -93 42 10 -65 4 48 -13 58 57 59 -47 60 61 40 -78 81 35 9 -4 37 84 16 -25 71 -7 -22 15 80 -22 18 -42 -15 -88 69 21 16 17 60 -74 -74 -29 -68 38 -67 72 61 66 8 -78 -38 97 -93 78 -28 30 -77 2 
-55 -97 80 64 -86 -34 76 83 39 -55 -48 -49 -77 -22 22 -45 -84 7 -72 29 -26 -12 52 -12 -15 11 -33 57 -59 -58 -41 -61 98 92 55 -88 -42 -17 95 49 -20 -53 52 4 -23 -74 59 -7 34 39 -77 60 -73 27 -52 -36 -62 -33 -79 -69 10 -67 -78 -40 
-75 77 -28 -65 -39 -81 36 41 -82 -12 97 -5 14 9 88 -100 -52 63 60 -24 -10 -91 40 -20 -24 14 -36 38 -1 -14 98 24 -84 -30 11 -71 -59 99 22 -41 -13 20 54 53 -71 -5 54 -23 -90 14 5 -47 -25 98 33 52 -36 49 -10 63 88 -11 -61 -96 
11 2 -67 53 1 55 -88 40 -73 19 -7 -44 66 99 -14 76 -34 43 -71 41 -7 63 -55 57 -36 -12 -28 -48 29 -37 -92 -60 65 93 45 -34 1 10 -94 28 -71 -48 37 95 -49 75 23 -31 18 53 63 -88 -32 -92 21 32 -4 94 37 77 -43 45 -82 -77 
-9 15 -59 92 77 -100 -28 -94 -96 -91 53 -93 36 -71 -23 -93 82 -60 -81 -50 -100 -8 34 -3 -14 -29 -74 -4 69 96 -29 -40 12 -36 -96 -11 -36 -24 -52 -80 -62 53 -72 74 82 -43 81 64 -51 52 66 -51 97 1 -2 -17 72 25 31 -7 21 -98 53 -67 
-33 9 -25 -17 86 -25 4 76 -72 -16 2 63 41 -64 -21 90 40 -54 -61 37 47 38 73 -29 -85 4 65 36 7 -30 22 26 32 49 -91 -30 -76 -35 -54 -96 49 0 19 -10 36 99 -68 -23 97 -76 -86 -4 14 87 67 29 -56 -16 -35 51 7 39 -71 -61 
-12 -62 9 -36 4 7 -79 -95 -93 40 -4 -4 39 -20 73 36 4 39 84 -82 -21 4 47 23 88 65 -74 -53 -44 -45 -62 -3 -55 47 61 49 -94 82 7 66 23 55 -38 -86 -65 87 3 40 26 -13 10 57 91 -90 -20 32 75 -42 31 83 -35 70 -20 11 
17 -58 -88 -24 76 19 -58 -49 -26 4 -34 10 -9 21 -98 69 60 12 27 52 22 59 -64 -51 70 67 -67 -65 37 13 46 -93 7 59 -17 -64 -22 -23 -13 5 33 5 -85 -76 -74 69 45 87 -19 -76 -9 56 36 -21 57 6 98 90 41 36 -44 -12 -5 63 
99 30 51 -71 -93 -61 34 40 -4 49 16 23 18 -87 -38 52 -62 5 -40 74 36 -83 -20 34 60 73 -78 -84 -87 17 31 -88 -53 -17 -58 -94 -26 76 -2 70 -22 66 -55 48 80 -41 -48 70 64 12 -4 -48 -18 28 87 -58 1 -91 -42 15 27 41 -21 26 
-76 -27 -15 -2 -98 83 -79 -20 2 -34 80 -66 26 -67 56 -58 -3 -48 -5 31 80 -18 73 -67 -57 83 0 22 25 80 -99 1 -95 -14 52 -93 -79 73 -61 23 91 -80 9 -31 -95 -35 12 -46 17 59 86 -51 93 11 -17 -64 -53 35 11 72 15 12 -75 -27 
98 29 -20 71 2 20 -5 -54 -8 -96 15 -3 -78 -73 3 39 86 -59 89 79 53 -76 68 -100 59 -21 24 -73 91 1 0 41 -69 32 12 33 -48 59 31 -4 16 -53 45 38 -26 -51 -71 -87 -10 -82 44 -57 94 -36 95 6 43 19 33 -14 73 85 79 -96 
17 -8 37 22 -97 -79 -82 19 -32 64 -43 -6 -87 -61 7 -45 -91 -96 -49 -96 -32 -54 10 64 18 95 -98 -9 80 82 -5 -3 -26 84 -81 -23 -95 -62 49 -27 54 58 20 19 97 -73 74 -93 83 -75 -89 -96 -28 -27 20 42 -32 22 -67 -52 4 -20 45 30 
-36 17 60 -78 7 9 -53 -39 -33 67 80 -35 47 54 -28 30 32 -65 -14 -96 8 -94 46 76 29 31 -76 -67 -89 21 64 -73 -62 24 -51 45 85 -3 58 -48 -36 38 17 -89 -55 41 -6 77 76 80 33 -16 87 -69 -88 16 14 88 1 25 10 -83 52 0 
-7 54 98 -22 -49 8 31 -33 99 -100 -21 -56 42 73 73 -30 53 -42 7 40 -59 19 -92 55 8 10 -20 70 -21 84 -78 73 -10 72 -49 41 -19 34 -91 -20 35 -60 24 -71 65 -51 -1 18 -41 -94 -89 0 -22 71 -45 38 -67 -13 -40 13 -77 -18 -14 14 
-45 37 -93 36 -76 68 -84 59 -92 -8 40 73 -7 -61 -56 52 98 -93 -48 -72 78 7 66 -88 46 -74 25 69 -40 63 -65 15 -48 -57 -97 -24 63 71 -65 72 -37 75 -3 56 67 -7 -40 17 0 12 45 -69 71 -37 -57 17 -59 20 -61 1 -65 -26 69 -13 
-31 24 64 -67 -4 51 57 11 27 -46 -80 -54 0 -20 15 -100 45 -88 -69 16 -25 -74 86 16 -2 -75 69 33 -1 38 -79 21 -85 37 54 11 -12 11 -78 67 17 -58 -87 -83 -25 -20 70 -80 -8 53 -12 67 32 -26 -65 -70 -1 -95 16 51 -5 -11 -28 10 
-74 78 73 -34 -11 96 -66 -94 90 99 76 -83 -20 46 -63 72 -1 26 -8 -69 52 -21 -86 -48 -64 30 55 32 71 79 94 49 57 20 -85 98 -32 -51 -96 -90 -51 32 -72 -19 -22 -83 -95 30 43 -51 61 -4 29 75 0 65 -43 -93 -51 80 86 96 29 43 
16 45 -7 84 46 -51 94 47 82 -78 80 -40 92 86 42 -13 -65 4 35 64 -69 -65 -18 -59 -58 31 -79 80 27 3 -25 95 -100 68 79 46 -82 26 -54 -100 0 -74 -88 -8 -88 55 80 -52 -89 15 64 94 3 -54 -65 -3 30 -91 -22 -91 -36 53 -95 -36 
-26 36 -90 -56 -38 -92 -56 63 -65 -92 -45 -53 15 87 -53 -22 3 64 -27 -94 62 -40 3 -8 -79 33 2 -15 -61 -41 49 13 95 12 57 -42 20 53 -79 55 13 -72 55 81 -84 54 -41 -29 -30 -16 -23 -67 45 32 -23 66 -82 31 -96 -43 90 53 22 86 
-83 -69 -56 38 36 -83 -55 -99 97 52 82 65 -41 94 -64 29 -22 -35 62 75 50 92 -6 68 23 -2 77 14 -49 -49 0 -31 -66 -4 59 70 -35 56 23 -38 9 -42 -72 68 -48 -36 -51 -18 -18 64 -42 -68 56 52 52 -21 -50 29 93 -47 32 -55 -26 66 
41 -67 -12 -94 90 -89 -31 -49 -31 -51 71 21 -35 -80 -96 47 84 -86 31 40 66 -17 -80 68 64 65 -79 -4 -89 -4 -38 52 -19 50 11 -77 14 32 -26 83 81 97 -43 98 -82 -39 -2 -98 -25 -71 -5 93 -35 -33 61 -71 -68 34 -22 95 82 40 0 -36 
-57 -89 -13 57 43 14 -8 -24 11 49 -74 -19 62 24 -64 89 54 31 82 -81 50 -5 -100 82 -70 -22 30 64 71 -70 -72 66 -59 -32 -25 36 34 67 64 97 17 90 -21 -69 15 15 -79 -79 98 55 -60 48 -97 92 -18 85 -29 -88 49 -58 -58 78 60 -65 
98 -65 23 32 -98 -61 -19 -29 82 60 -45 -3 -73 -24 -30 -75 83 -38 73 86 -46 -92 23 25 -80 -27 19 -85 -97 -21 -50 -99 -34 26 -15 -31 65 66 -8 47 -21 47 96 6 75 -34 32 11 28 -43 -51 35 -35 73 -40 -14 -54 32 1 -51 63 3 -98 -70 
-71 -13 -49 47 -95 -5 -54 -16 -57 95 91 70 -87 23 -19 42 32 31 -71 98 4 -59 -16 2 73 37 51 -11 92 5 19 -78 92 22 21 49 -83 67 -66 -88 62 77 83 76 -48 -84 -30 84 -1 -1 82 -97 40 -82 5 -34 7 -92 55 0 13 -74 -26 -43 
0 95 -93 17 62 93 30 -23 70 -35 -95 -78 -67 -73 -94 33 26 41 36 -82 11 94 -64 -81 54 43 19 -80 69 93 -23 -31 88 -64 39 2 -71 -79 31 51 -62 36 25 -29 63 -16 -96 -59 -75 -7 -88 -12 -61 -100 7 93 44 78 65 -35 71 -57 -13 11 
-21 78 66 -39 99 -3 64 -63 86 -10 -40 1 26 -35 -5 51 10 -41 91 49 -41 -1 -6 55 -23 -40 -79 -99 -45 -40 -36 -14 -62 -70 -1 -63 -20 -36 -74 -82 6 -14 19 -68 51 66 35 -87 -75 26 62 -15 -75 -91 -60 -45 -79 -87 -44 -24 -27 20 62 11 
3 -38 48 35 -22 26 53 84 -87 -76 68 16 91 3 30 -84 -71 -56 -47 -93 -47 -54 -38 -26 -89 -30 2 -15 42 -83 48 97 -69 -3 32 9 75 -15 -55 88 10 -87 5 -47 16 -65 -79 -3 -21 -25 4 -15 -27 18 11 -16 40 -86 21 -17 -69 -30 -20 -38 
19 65 23 -6 -50 68 -17 12 33 88 65 -99 75 39 -2 -94 -86 55 -9 -61 -75 -97 23 66 69 -55 -99 -100 -33 -67 -86 86 98 37 -20 -99 -43 63 13 90 3 -69 91 -70 70 -59 -63 36 96 -20 27 74 -65 -98 40 -96 99 -7 56 -34 26 70 -48 25 
-41 33 -22 16 -52 43 -42 52 26 -51 34 -52 -57 71 84 91 -96 -37 65 -61 -34 5 96 -35 50 52 -16 -23 -25 36 54 34 -79 -68 -97 -30 75 -39 74 2 -37 8 50 -42 -68 -13 -51 88 2 -85 -73 68 -28 -77 86 -77 28 -30 0 -97 58 -94 -11 80 
-62 -56 -98 65 6 76 -81 21 -64 22 79 -80 61 -72 -92 -37 95 88 84 -32 63 22 -57 -9 44 -5 -54 2 1 36 -66 -9 80 -64 -92 -62 64 -72 11 53 2 -58 73 -85 -77 34 -22 -82 22 -86 -62 -63 36 -19 29 -20 76 27 35 -71 -37 21 20 96 
58 29 86 -26 9 -2 -73 -89 -8 53 78 15 -13 -44 -14 61 -77 24 50 11 58 -69 44 34 59 -21 64 74 -100 -64 70 10 65 9 37 -74 -93 16 89 -49 -31 67 67 8 76 -47 -79 99 29 72 10 -13 -97 -46 -78 62 -15 38 -11 -62 74 -41 0 -8 
68 -63 18 27 54 -40 79 75 -73 -2 -16 -97 51 -43 -98 -20 -71 -35 20 85 -29 -6 -1 57 -68 88 47 58 -100 -53 -98 20 -63 -27 -52 43 33 79 -30 60 -23 54 16 80 64 -30 -88 45 35 -16 30 -93 78 82 16 -90 70 -85 21 22 -86 -25 -57 -49 
48 -57 46 -19 74 -83 94 -97 23 -38 35 -13 32 47 85 -32 -68 15 -73 -90 -51 -5 73 72 10 -54 -6 24 21 37 28 -78 32 -26 -45 6 -9 -51 9 67 -37 -56 -46 96 44 91 -36 28 7 -57 -10 8 38 -85 -20 -52 -39 75 24 35 -36 -48 57 49 
-21 -88 -93 70 -86 17 -11 -23 13 -4 -27 -91 -13 -11 37 46 -16 80 -45 -78 95 35 -78 -91 -38 -1 -4 -21 51 -47 80 -70 -83 87 53 83 -44 -58 -39 70 -10 -14 31 78 28 -79 24 -88 -99 31 87 48 -81 61 9 -67 -40 -95 -36 -88 -42 -56 94 -72 
-68 -1 -89 -60 -6 -76 -90 84 11 -6 62 91 15 -61 -97 -32 70 42 -84 41 4 26 75 64 31 -61 28 42 -16 23 22 -32 74 33 8 -32 10 -29 -47 -79 65 67 64 -68 58 67 0 -19 10 -32 -78 -86 94 97 30 -22 -63 -41 72 -27 34 -54 41 8 
