64 92
99 13 -77 -35 -47 95 -47 -15 -90 38 -40 -71 39 28 27 99 -42 23 -30 -100 31 5 18 19 12 87 18 -25 -3 31 -32 -52 96 -57 14 -50 90 19 35 53 -42 47 34 49 -25 -39 48 33 36 70 -14 -32 -72 -96 87 40 91 -43 68 -59 88 -64 -11 84 
-69 55 -66 -79 -25 21 26 -15 -80 -40 -66 -5 21 34 81 -90 -43 -33 -70 -15 -77 -83 -75 -85 -74 93 -92 -86 81 -51 50 -88 -95 37 86 -68 -90 12 17 -69 73 3 -22 -54 -63 -41 -44 -6 26 -14 79 50 -45 57 17 -67 50 25 -53 -16 74 50 -4 31 
-13 -66 63 -51 47 -68 -20 -28 35 59 18 25 70 27 71 -3 65 3 99 73 -40 -32 -94 62 45 -94 -54 -29 56 -5 -97 95 29 18 -56 -72 3 25 0 90 -64 71 15 -94 -50 -61 -45 -85 42 -94 40 54 -74 47 -32 71 53 15 -57 -39 62 98 -44 -57 
-32 0 -28 71 77 24 62 65 -53 -71 24 -3 -80 79 -35 14 38 57 -32 64 4 -11 -12 -91 56 -17 -78 18 -19 -22 61 1 31 85 -75 -40 -38 39 78 9 68 2 59 41 -67 76 -45 71 33 -24 -12 90 65 76 51 -27 -41 74 91 -8 -96 4 93 -13 
-58 -82 0 4 57 -22 65 -22 80 24 71 65 0 -74 37 86 -46 77 76 71 53 27 -56 -88 -47 87 -44 -42 -8 -51 45 -14 -80 -55 90 29 -25 55 59 -93 -68 30 73 -16 9 -38 -30 63 -61 -54 -13 92 26 31 56 79 19 64 -63 63 -87 35 -99 85 
32 91 15 -92 -2 -26 -85 -18 57 40 67 -34 -98 -63 81 -59 -64 -32 85 62 -100 -7 -7 -29 -43 -17 86 -77 -82 87 -92 2 30 -25 -38 80 2 -70 -37 -41 70 -70 -23 73 -33 -42 66 3 27 4 -83 -21 49 11 2 -93 94 -12 82 64 -25 90 -34 57 
-82 29 37 -28 11 -100 -17 -19 -70 60 -94 -50 -82 25 5 -3 -71 23 28 78 86 -70 37 80 18 19 -4 45 -38 14 2 -68 95 -60 4 6 92 87 88 75 47 46 -75 17 -29 30 67 0 -95 -5 -69 43 -22 68 -25 96 -60 71 -6 -46 -14 48 -14 -19 
40 90 40 33 77 28 8 -24 -74 -15 45 -2 67 12 98 73 60 81 16 -62 2 44 86 42 15 -20 96 53 81 -66 87 21 -76 27 -46 53 -93 14 81 -67 99 26 31 67 91 -18 -8 3 -85 60 -7 17 4 -21 -89 -80 12 59 25 -7 93 12 -86 69 
-61 -79 22 -54 35 -45 -68 -13 34 63 -46 -23 97 -2 80 -87 -42 -27 30 15 4 42 -13 68 -47 -88 -39 -53 25 -72 -84 64 -99 -9 63 36 46 47 -77 -68 10 -71 9 -40 27 -11 -27 38 14 55 -47 71 -51 40 39 3 52 -99 50 -71 81 18 46 82 
-91 9 -30 8 -44 -54 40 18 -73 -50 78 55 -9 -97 -55 -94 59 -2 77 60 90 16 -37 -6 -31 65 24 -98 -16 -30 36 -55 31 -93 53 39 -95 -6 -43 -68 44 88 39 87 43 84 93 -46 -66 22 -85 76 91 -70 -29 -88 96 47 67 -68 -83 3 -23 48 
-38 -69 -61 -33 25 -52 -48 -79 88 91 -92 32 28 54 86 14 -72 53 -57 71 84 14 84 80 -39 51 -88 -70 -94 -59 30 -31 -28 69 -12 49 -83 40 70 58 -16 31 -10 -88 -63 -72 -22 -35 82 21 -63 18 87 73 -50 -100 -24 -86 -70 -18 -45 12 51 28 
-67 -60 -23 -97 32 -100 61 -84 -17 -49 -72 -28 -69 -41 -11 -87 80 26 -17 20 -49 33 20 27 47 3 62 -97 -85 13 -17 -51 5 12 -48 -62 -36 -87 -46 -1 -84 -65 71 -53 -54 -39 -87 -74 39 -4 -2 91 82 -81 -30 29 -26 -68 -16 -11 -2 19 -10 -97 
-68 -6 93 -52 -41 -100 48 -25 87 19 -25 -67 32 -60 -89 -28 36 10 -85 -30 -19 -15 -100 55 -30 -64 96 68 56 -13 23 40 33 17 88 93 -31 -12 -32 -44 60 -5 -11 -8 35 0 16 -76 -90 31 -6 -9 -83 -54 98 -61 -17 95 -93 91 -66 30 -17 67 
99 -29 60 -32 12 81 24 -28 -72 65 64 64 -34 -19 40 -72 64 -66 -28 33 -67 -30 72 16 -83 79 -41 -49 -38 42 71 -39 65 -17 -18 -23 -84 58 1 -55 24 -82 61 42 -49 1 22 -85 35 94 49 20 -83 -27 -64 -66 -47 -53 -62 -33 41 -91 28 7 
-56 62 36 -39 21 -62 6 97 -92 -33 -9 -41 68 -87 -26 -45 -92 75 76 77 -51 64 63 -46 64 -99 21 5 62 -99 64 -93 64 1 -32 -63 -9 26 86 -1 93 -23 10 13 -10 36 68 -50 -36 -4 79 -35 -87 43 19 77 44 92 -18 -41 45 -53 -82 -39 
0 -62 -2 43 64 -64 -58 9 13 4 -78 56 -60 42 58 4 91 38 21 -96 -19 -60 81 77 84 -85 88 30 -38 -94 91 62 96 -58 5 60 -22 -1 -79 44 55 95 -48 48 38 -90 -96 -19 48 26 -15 81 66 -82 11 3 -67 -1 85 -52 -42 76 62 -94 
70 -80 67 -99 -29 40 -3 -73 36 49 75 -74 59 79 7 -40 5 92 93 -76 62 4 27 95 56 -36 95 66 92 58 72 63 78 -9 16 -51 -68 -87 -24 68 62 -97 94 -27 83 1 33 -60 -55 -21 -36 59 83 43 6 -9 -93 2 -91 -100 -40 34 15 90 
-75 83 -61 -91 96 -32 77 10 -29 23 83 -94 76 -31 -53 73 48 -37 32 -17 59 91 27 18 -7 36 -30 5 -30 85 -53 -52 20 -14 -43 16 6 87 -74 30 -38 62 36 91 -69 35 64 31 99 -51 66 10 -60 -7 -72 -15 82 -1 42 -96 -64 89 -96 9 
-73 -38 -75 34 -99 -96 -36 -37 66 52 -46 49 -12 71 -68 -61 72 98 49 -88 -56 29 -51 -74 80 91 82 69 32 87 -22 59 -99 -45 -7 -98 -41 9 -83 77 -38 -76 -22 2 95 -38 41 67 -39 -58 31 -43 23 32 -65 4 -25 -83 -75 -93 -96 3 66 -95 
58 -88 59 70 -27 77 47 -13 53 78 89 48 -60 -18 -33 -47 24 50 10 -52 -18 45 4 57 63 29 64 19 -68 -18 -23 42 -54 -64 12 20 65 -88 -93 18 42 49 -82 82 -69 -63 -64 56 87 -2 56 -79 96 -40 78 11 89 -6 -70 73 29 -41 -33 75 
-4 80 -53 -39 44 -93 32 -14 56 50 -80 87 88 -92 -5 27 7 -49 49 3 -37 -21 -86 -48 26 96 77 -45 -44 -55 82 4 77 -70 17 21 -63 -51 59 93 52 79 32 -8 40 -72 -81 -53 -21 20 2 43 -100 -32 47 26 -84 -23 81 -28 22 63 28 -1 
45 -54 72 82 -5 -17 27 99 -86 -40 -9 54 -60 11 53 19 -69 -93 -86 -69 -25 14 9 -8 91 -10 16 13 -94 -55 64 51 -57 -12 -14 -10 23 65 -10 37 77 81 -8 -83 -8 97 -11 -24 -95 -45 -41 -68 69 69 24 60 -89 93 -75 69 90 41 -27 -67 
-71 11 23 52 -24 -87 -58 -94 47 -14 -77 91 -17 -36 -33 -60 20 -21 -27 -59 -100 49 -98 63 42 79 33 -16 21 58 17 2 -31 93 -93 -3 58 -99 -45 -43 -13 -21 -51 22 -5 -32 63 -85 47 -64 -43 -1 85 -89 -37 -20 42 48 64 -85 6 -66 -30 27 
79 -23 76 37 -70 -68 95 17 11 96 -61 58 -36 54 74 -88 90 83 -37 28 94 26 -92 -12 -26 72 4 80 58 74 -41 37 -97 -64 -73 -67 -32 74 50 31 70 41 -11 -66 -4 -37 98 -62 98 -38 66 44 88 74 -67 -85 -1 37 95 -43 11 -93 95 14 
-57 74 -1 11 48 -51 -58 18 42 31 52 90 47 3 -71 45 17 95 -10 5 22 23 -28 73 -40 -80 -70 23 -73 77 89 -30 51 -12 81 -1 -11 -77 69 -69 6 -26 -78 -47 77 -97 99 -6 50 -11 51 -28 64 -76 -55 -76 -56 -72 -1 -29 57 -12 -7 -39 
76 -26 12 -35 -51 -18 -52 55 56 -78 -91 -15 -75 60 31 28 -51 -66 -100 -87 -42 98 89 -46 78 -12 -23 -13 28 70 48 -44 96 -39 -27 -55 43 21 53 -49 -4 62 -12 -27 -26 -81 -99 23 -47 54 -12 -36 4 -71 -30 -18 -31 0 69 49 -30 18 -95 -81 
31 -22 -84 -74 51 69 -23 -53 -17 65 21 57 36 -26 -68 89 -72 -28 -95 32 1 -24 -86 22 76 36 -29 98 -94 -24 -83 37 6 -66 63 -42 55 92 -43 -61 9 78 96 -55 -47 81 86 -67 -47 92 66 7 -32 32 -71 -56 -32 1 94 -74 29 64 15 -64 
98 -70 -54 5 -78 3 44 -17 -66 -7 28 -61 -26 15 -28 -21 7 -62 86 27 71 -84 23 91 -31 17 -82 50 -19 33 86 -69 64 84 37 38 -12 -67 -78 22 26 2 61 52 69 -67 -68 -24 -76 -82 55 95 86 -22 38 -45 48 56 -94 -71 -58 44 -87 58 
29 50 -4 69 35 -30 -9 -38 73 -96 -86 42 89 -54 71 -87 -83 26 60 -97 57 -1 -41 5 -93 -83 -14 -51 13 -1 -93 94 -99 -44 63 37 -22 -94 51 -97 -90 65 -2 -100 64 -79 65 81 -1 26 84 -44 -75 95 13 -68 64 -100 -66 -22 -49 -59 -28 -95 
-51 88 -6 -20 94 -55 -65 57 62 33 57 26 6 22 -41 -94 -52 -56 -86 -75 91 28 -42 56 -20 -8 86 -17 -15 -90 -12 -13 98 82 19 45 79 54 2 42 -12 -41 -80 46 33 -20 52 34 -24 67 59 -33 -53 69 75 27 -87 61 62 -49 72 -49 38 22 
85 -43 -33 65 63 69 -41 -97 80 -21 50 14 59 2 -100 -65 -79 11 3 -32 -67 -22 47 -54 92 10 -3 64 61 87 -62 -2 96 6 -85 60 -25 -26 63 -92 54 13 -26 13 68 -26 49 89 37 -96 -90 70 -66 57 -83 -74 -33 -34 42 80 -46 81 -69 -50 
-61 -54 -90 -34 21 26 -26 -25 91 48 88 59 -78 -11 1 60 -55 11 30 -20 -32 -1 -42 -12 66 53 -80 -80 -14 -49 -78 25 -2 -67 91 -81 11 -34 -54 2 -86 86 -38 89 -24 15 49 -27 -74 -69 53 -54 -17 64 -14 -51 17 7 -79 -97 10 -57 -20 -92 
-24 -29 79 87 -11 77 -58 4 64 -44 -55 92 71 46 -35 49 77 71 47 -40 -13 -66 -39 -96 -7 -18 59 -97 26 -61 64 54 -38 -5 -6 4 -27 36 -92 89 92 -95 81 15 51 98 -36 -20 69 63 -7 -44 97 54 -88 -58 -63 23 98 15 14 62 -31 77 
-43 63 -19 -18 -49 -59 -29 -57 -54 -96 10 49 -97 26 -71 24 -10 22 33 -13 -23 -3 -18 -34 -79 -20 33 35 -58 -98 -36 -49 18 -3 -14 69 38 57 65 36 62 -25 -63 17 -98 -33 -59 -8 41 26 31 -82 -76 -87 -64 -55 -55 69 80 -13 24 97 -9 -58 
-6 77 -89 -67 -14 28 21 -52 -96 59 17 58 78 59 -98 19 -15 33 -10 9 -1 -22 6 44 -100 -13 84 24 -16 -73 66 30 -96 29 15 -10 -42 -63 -9 -86 48 -92 24 -22 19 26 97 57 -89 -61 -82 10 18 25 -93 18 64 91 -58 -100 -82 60 30 74 
-59 -54 -84 -49 -65 -41 -35 35 -80 89 -87 39 -33 62 -52 -21 54 -33 89 -28 44 48 42 8 39 36 8 9 -52 90 -65 -11 88 -48 41 -77 11 58 10 31 0 23 -77 67 -62 -29 98 92 -10 88 -84 -66 -12 58 42 -72 -54 -98 -11 -6 45 25 35 33 
29 -24 9 -60 87 -81 24 -13 -5 -1 -94 33 22 -95 -23 -87 45 -7 -53 -67 -97 42 -87 -99 -4 -45 -5 -59 32 -70 27 -39 -41 -64 -47 -54 -45 29 -15 50 -72 -57 -65 51 -100 12 16 -3 57 15 -17 12 -43 -4 13 6 3 60 -1 -65 91 -74 -4 -98 
-38 50 -100 -30 -69 -63 72 -40 -68 -92 63 -67 -28 -21 -18 -70 94 65 -6 -96 -86 -92 10 17 20 61 5 11 88 -99 -35 -98 3 -35 -28 35 -46 -55 47 -13 -47 10 -28 -23 41 54 -41 -13 -28 54 -9 -14 14 53 55 -66 15 -40 -2 3 -86 63 5 -31 
81 30 -96 87 75 3 -26 80 -87 46 -91 6 -47 -31 94 25 75 -15 63 -11 91 -30 -25 -42 31 73 61 -3 -11 -82 66 -78 0 23 -91 -73 -74 -16 -93 92 82 -83 -2 87 -62 -8 -36 -87 30 -73 -46 -27 -2 29 31 81 -45 -56 -70 -4 -86 96 18 15 
-29 27 42 -2 63 2 -58 -2 -29 -8 -15 9 37 50 -26 -81 29 -20 -8 79 -91 -77 60 -84 -81 42 12 -67 39 -70 0 -90 10 -57 -40 -75 -3 -46 -25 68 47 13 -71 -16 -85 -45 3 44 35 47 24 -4 70 -64 13 41 79 -75 74 -30 -92 -25 -68 -30 
-30 -7 -5 67 -1 23 -13 -54 -64 -32 -18 -49 -25 85 95 -90 32 -29 -42 -46 -40 71 95 -61 49 22 -39 9 97 -7 79 -81 38 -74 38 -62 49 77 -16 85 97 67 88 -28 4 36 -66 89 -93 -8 95 -33 -84 91 -42 17 13 -29 -74 -38 65 -95 -67 3 
-69 71 -7 33 48 30 -30 45 -3 -41 69 53 95 -97 42 54 -53 -10 74 -37 -19 84 80 46 -44 -94 60 -79 63 93 -24 47 64 70 -20 -36 0 50 61 49 -91 30 -46 56 33 49 11 32 -61 -15 48 20 -31 28 -82 25 -13 78 -2 -98 71 75 49 -13 
-3 81 51 97 32 12 -2 -7 -58 52 -98 27 1 13 -89 40 50 59 -88 -81 -60 -70 -3 27 -92 47 -19 31 22 -69 70 -81 -88 21 68 -4 85 -34 42 79 -81 44 -42 20 -43 -30 -87 -93 -71 -75 78 -31 -92 -73 48 68 75 -70 0 -51 -87 -30 -79 77 
44 89 -26 -19 -44 68 -39 -73 12 -29 -1 21 41 12 -20 23 -10 -42 44 -2 -62 -7 -34 65 -25 18 -86 -12 41 -65 -35 -15 -75 -9 18 -67 -41 31 -88 23 -97 11 -56 -4 76 24 -81 -34 35 64 64 73 -91 82 -10 -16 1 4 24 -58 -8 41 -21 -31 
85 97 -46 96 -19 -34 20 -16 77 64 32 53 -11 52 71 76 -32 -13 1 -71 -30 91 13 23 -53 89 17 39 30 96 -92 15 45 -86 12 -74 -20 84 -38 -42 0 95 63 41 -1 -13 17 67 74 -82 48 96 -91 -87 -29 -43 -98 88 48 32 36 9 -100 -18 
23 -36 -40 -96 -100 23 -86 0 18 29 -58 69 -84 59 -12 43 78 -64 39 39 -51 -89 48 -49 51 -3 35 -12 58 -13 70 -19 3 82 -15 3 -43 -49 -96 75 81 -54 -4 97 -95 84 -8 35 -80 84 -73 -31 47 75 -28 -2 -76 60 86 82 -53 8 -36 51 
-9 1 -46 48 53 -90 -24 34 -44 72 -17 -86 9 28 1 29 12 28 51 -41 -44 -77 57 -68 83 -4 -85 83 -96 -69 34 -53 -16 40 48 -63 51 76 23 -93 0 59 73 -91 -13 -25 -9 51 -97 -58 -90 -89 -35 19 -56 -99 67 -41 84 24 -58 -30 71 26 
-90 -29 16 61 99 91 21 0 50 -54 -39 89 21 52 40 -23 46 2 -12 -88 -78 32 65 89 43 49 13 37 71 -63 -84 81 -40 32 -5 -40 23 68 12 -74 -86 25 -85 -12 -70 8 65 76 -90 -95 40 84 38 5 26 -67 -94 91 23 77 80 39 11 -59 
-29 -94 -47 46 26 17 72 40 -58 40 -72 -28 -100 45 -51 -90 51 89 47 -59 -53 -27 -74 -47 -84 49 83 97 -60 -6 90 -37 -48 -57 -90 78 60 34 -30 54 -74 -49 -73 -74 96 -24 89 47 -83 36 40 -36 61 67 18 77 -32 1 26 9 47 16 72 99 
11 82 77 -77 -31 -53 78 -5 -2 -95 -26 -53 -67 -37 94 -98 99 -13 -33 12 -46 37 -11 22 90 68 83 37 -64 56 36 48 -10 -35 23 59 12 1 -93 63 -42 -19 -90 -57 44 56 -54 -5 -57 -35 -93 -3 -98 -52 72 44 -84 55 -19 -95 11 69 53 54 
-66 -72 13 46 30 -28 -39 40 53 -29 84 -3 -72 82 44 -29 -53 51 21 -99 -100 -55 -3 68 52 78 73 -84 -1 -22 70 33 7 -65 -69 89 8 -7 -19 -39 16 -83 11 -4 99 -45 20 98 59 -59 51 59 -62 -52 -21 90 78 -47 58 -23 31 28 62 90 
64 46 79 -76 91 -39 -15 7 -70 48 -96 -70 56 24 80 15 17 -16 -74 7 32 5 -3 -37 58 -44 -8 -58 36 -45 84 -48 -99 64 -24 92 77 14 -49 -93 -38 -45 89 70 31 22 -63 -100 -94 -37 7 38 69 -95 53 -21 -87 -54 -27 1 1 -42 54 -46 
74 -70 98 3 44 -51 -38 59 -43 -96 -19 40 26 19 41 32 82 -52 -78 3 -95 76 35 -82 -78 60 -28 -25 -82 -74 -19 44 -92 -21 -53 53 -20 10 -36 -11 14 45 -70 92 -84 71 24 51 -81 -2 -46 -75 -26 41 95 -52 2 -33 -25 -28 -7 56 -83 2 
87 -84 -93 -32 -22 -77 57 44 20 87 36 37 10 -88 -12 30 11 -6 7 37 88 2 86 -58 70 -87 14 -85 70 -17 -31 57 0 -72 77 30 -49 -13 -25 24 -74 63 -87 37 76 -47 -81 -13 47 26 76 35 -72 62 77 50 76 -56 66 -2 27 87 -93 79 
-84 85 -38 -81 -76 37 43 -50 0 8 87 -72 61 58 -33 9 -16 -56 96 13 -94 26 -37 34 22 81 84 -99 21 92 33 37 29 95 8 53 -16 -48 55 36 12 -5 65 -26 -47 -68 35 38 -24 -17 -97 -65 -91 -82 21 -17 52 6 -15 -27 -50 -82 -90 79 
65 18 -16 -51 22 91 85 -65 -14 50 -39 -8 35 96 82 -89 -21 85 98 -59 -97 20 24 55 78 61 80 -72 31 90 59 -4 -39 95 45 35 86 -17 22 -75 85 83 17 20 79 -1 -16 -41 -64 -18 0 91 -98 76 -1 80 38 -21 60 -31 -78 19 66 -17 
14 -37 -82 -47 -2 -7 -22 -16 -24 47 56 -44 98 -60 15 -66 23 67 -75 -23 43 24 -90 -67 56 70 3 78 -58 -79 -39 56 -64 -69 61 35 24 -61 -81 -99 38 75 -91 -12 68 -24 22 -9 95 0 20 38 76 30 24 32 -47 -73 10 -5 -100 23 -97 -64 
7 65 71 83 56 42 36 -5 -30 45 35 90 -79 -42 -67 68 10 53 -41 -62 -64 83 23 -59 -90 -67 36 62 9 -9 98 68 -44 22 51 -87 -84 -12 -40 -62 85 47 -72 59 57 -39 27 -33 67 86 -42 55 69 81 96 31 66 32 -55 -25 75 -56 -57 -68 
18 47 97 -14 87 -91 25 72 56 5 -17 14 19 63 33 -14 49 91 -59 -29 72 89 54 39 -27 -100 66 -52 96 62 -20 14 9 -71 -100 -52 90 -23 72 -1 83 -44 -87 2 -81 -2 40 20 -10 33 43 -86 22 -2 5 95 -50 -28 95 -54 -66 -72 60 -5 
-43 12 -5 -100 90 -33 -1 25 -25 -36 79 -6 62 -29 67 -96 56 10 71 -70 60 -24 77 -90 48 72 -44 34 -100 68 81 -90 -19 -24 -90 -77 44 -39 0 -81 25 -69 -34 -61 2 85 96 -42 -5 67 -12 -44 -57 -35 -34 44 89 -25 -22 90 -57 -40 52 -24 
-12 14 -49 -68 75 3 -96 -48 34 -30 -9 88 -45 -61 -54 2 -94 -14 10 -98 3 29 46 -55 -96 76 -65 99 -64 39 -24 25 -47 -21 9 -72 83 13 -20 17 35 23 6 42 63 4 -55 21 43 7 23 98 -64 -79 -57 -60 98 -70 -60 86 69 -32 -37 -78 
47 73 -98 30 -62 -66 -100 74 58 -42 -32 -27 62 -35 46 -43 73 -78 -44 -91 -57 -49 -98 -59 -66 94 80 -97 -38 -57 78 61 -84 32 -56 -93 67 -56 33 -23 2 -99 2 -84 -33 -100 -26 -60 -78 -18 -51 -82 33 -49 -41 19 -55 -61 23 -41 -65 -47 73 -49 
37 -83 -42 4 -87 91 33 -33 45 -65 -17 -88 -64 9 -48 -90 91 -47 -72 -23 -43 -60 96 -46 -69 -29 -34 -34 -24 -61 18 -86 -44 28 -30 -31 -28 -96 -12 69 -61 71 81 -73 -67 85 90 76 90 -82 -47 -53 -42 -98 -46 -10 -75 20 56 -46 59 -74 -32 67 
7 38 88 31 42 -24 0 34 99 -19 13 -68 -82 3 -91 -92 22 -86 -44 32 68 -38 -78 94 82 31 -52 -7 57 -32 -40 -84 58 -52 47 -47 -24 -53 87 -25 -20 -48 8 -2 8 -31 7 82 -65 15 14 -96 77 -11 50 59 -80 50 -48 29 -82 -36 46 76 
