32 94
92 -9 78 73 -80 69 51 18 58 -46 15 89 -3 52 13 -14 97 -60 -87 -84 78 35 -40 -86 -31 48 -25 78 18 -77 24 10 
-34 -45 -65 -14 -76 86 -96 34 92 -29 23 -59 76 88 -21 73 81 -55 90 59 80 -98 25 -99 51 -99 32 -31 76 -92 31 95 
-37 66 -19 -61 5 -62 74 -51 -39 -51 -9 -63 -62 70 -89 -81 -85 53 78 47 55 4 49 6 -43 -67 27 -67 -59 -90 -72 5 
29 -38 44 -66 -48 -30 -17 13 20 26 3 58 -3 14 77 -36 -33 7 -88 74 63 13 -19 -80 46 60 -94 87 71 -66 -8 0 
-52 89 -14 0 -41 21 66 79 -52 -31 -11 -3 35 -82 61 54 26 73 28 -59 -62 -91 -38 84 70 -32 72 -7 -46 -84 45 3 
-95 -69 55 -83 4 -27 96 52 42 -62 -51 -71 -44 -89 83 34 36 12 76 75 -27 90 11 95 -90 -17 -60 -36 -48 85 19 -43 
68 -73 -26 -27 0 -77 -75 95 -39 -73 -76 -31 90 60 56 26 -28 32 -47 -3 -26 65 -7 -16 -100 33 48 -48 -29 -80 -38 -61 
99 36 12 -1 11 -10 -54 24 17 -77 94 7 83 50 85 -93 -66 -61 4 8 56 49 92 8 -65 -8 61 6 -36 75 45 -37 
11 -90 15 75 0 61 -1 -83 84 -55 -24 19 47 -39 26 33 -48 83 -59 60 -16 85 -31 19 -70 82 -75 -54 57 23 10 -80 
-15 -75 47 85 38 -53 54 -25 -56 -70 46 44 -57 -27 -23 -52 -92 -29 60 -8 -92 81 -88 -62 63 89 -15 -28 -36 47 -55 49 
24 92 34 -86 91 -60 -11 88 -78 -64 32 -82 -39 -91 -34 -79 -68 -74 13 -59 -92 -23 -69 23 -33 -32 48 -17 67 93 -67 -9 
37 19 6 -19 60 47 -31 82 35 -99 52 96 62 -82 -83 95 97 -17 88 57 60 71 -68 79 92 80 -37 59 25 -4 -97 -85 
-85 9 -4 27 -92 65 -38 44 66 -86 -8 28 85 -38 -25 82 45 -37 -9 -43 87 23 -63 79 4 0 38 81 48 41 96 15 
-98 -8 -57 -89 -43 5 7 -77 -29 99 4 -44 -87 79 90 58 95 -19 -84 82 57 -95 61 -87 5 -49 94 -95 45 91 20 47 
-65 63 10 -7 -80 69 -32 -8 21 24 0 34 -44 -9 -7 -49 24 -39 85 -67 -34 -2 -54 23 49 -59 28 -6 84 -52 94 -81 
64 4 -36 84 -74 -15 -72 47 -91 -19 -19 -35 24 26 -32 -52 39 -47 -66 -95 3 -20 -20 -47 -27 60 -1 -91 61 -7 -71 25 
50 -55 -39 76 -18 -58 23 -8 23 56 9 -53 -17 30 -53 -78 35 -19 80 -61 14 -88 -8 87 73 91 97 34 -15 78 -89 87 
75 -76 63 -42 -82 -62 50 41 94 -89 40 -23 41 40 -48 -23 73 -68 -32 -13 -56 60 -73 69 3 -76 -45 40 54 -82 27 29 
-57 -58 39 -87 -20 -59 55 -25 -47 -53 4 46 87 56 75 61 88 -57 -100 85 55 -73 6 -41 -97 62 51 57 80 -69 -61 75 
-27 78 89 54 -80 -4 81 -75 43 -15 71 -17 -58 -1 -56 82 42 -56 67 -2 -76 -26 9 -73 88 -88 37 68 -57 28 -4 17 
-42 -15 -77 -70 81 -96 -45 -24 -11 79 59 31 -22 55 14 72 52 -67 -78 76 -41 -17 55 99 -4 -56 68 39 72 -84 -92 -69 
1 -69 -39 -66 -65 -31 -38 25 -52 -78 -44 -22 29 22 -50 -19 8 -27 -91 19 56 65 19 -48 -91 -13 44 34 -45 52 65 56 
84 78 42 -81 -53 -96 44 -53 78 53 25 8 -73 76 89 35 -51 99 -45 57 16 74 62 -23 -87 6 -89 -32 -42 76 76 -58 
7 -30 -86 54 -74 10 -98 -95 -37 -21 -35 -57 -45 -46 30 -44 -95 85 -86 -27 11 76 51 -24 -66 62 -4 -8 -9 -76 -13 98 
-6 -47 4 21 63 -42 -22 79 38 43 -78 93 49 52 -98 7 -10 -84 80 53 44 -17 -70 78 98 -22 -78 -11 3 -39 -61 97 
14 43 -30 -70 -98 48 -91 40 -57 83 -15 93 -13 -13 -48 29 -45 -68 -17 51 -32 -35 29 -34 43 4 55 -54 65 94 96 -68 
-11 -34 -38 -9 67 -77 -69 -90 -94 17 55 -55 56 -93 75 -88 92 -42 63 -40 23 -55 26 -82 1 -67 -35 -34 79 -39 -50 -32 
-21 -36 60 -54 -13 43 -91 -55 -88 64 -9 69 24 -34 33 16 -24 -4 28 51 -7 -46 69 94 -61 -66 -87 -82 -53 -37 -62 27 
28 98 25 67 -6 -14 -87 6 -97 4 -73 27 70 12 95 98 61 23 49 -46 77 18 -51 68 53 -86 38 52 -23 76 -69 57 
75 57 25 -79 -57 -10 27 98 94 7 25 16 -81 20 14 80 -57 -37 87 72 33 88 -8 -62 -98 -70 91 -69 -93 -78 41 82 
31 -82 -97 27 8 -18 25 2 41 -49 70 13 23 -64 -55 67 -1 -68 -9 84 -80 84 -77 74 -86 -86 -94 -79 88 47 55 20 
65 10 -53 -27 45 72 27 -62 75 -3 51 -1 -15 97 -82 84 -71 -39 20 -98 -55 43 76 -88 9 34 85 -2 -67 -7 70 98 
